((("wout" .
   [1 0 0 0])
  ("bl" .
   [1 0])
  ("bout" .
   [2 0 0 0])
  ("ostringstream" .
   [0 0 0 0 0 0 0 0 0 1 0 0 0])
  ("smin" .
   [2 0 0 0])
  ("iomanip" .
   [0 0 0 0 1 0 0])
  ("sum" .
   [2 0 0])
  ("pos" .
   [11 0 0])
  ("flag" .
   [22 0 0 0])
  ("str" .
   [40 0 0])
  ("setw" .
   [2 0 0 0])
  ("setfill" .
   [3 0 0 0 0 0 0])
  ("eout" .
   [2 0 0 0])
  ("sminut" .
   [1 0 0 0 0 0])
  ("sout" .
   [5 0 0 0])
  ("shour" .
   [1 0 0 0 0])
  ("floor" .
   [1 0 0 0 0])
  ("eminut" .
   [2 0 0 0 0 0])
  ("ehour" .
   [3 0 0 0 0])
  ("floar" .
   [1 0 0 0 0])
  ("minut" .
   [1 0 0 0 0])
  ("hour" .
   [4 0 0 0])
  ("tpass" .
   [14 0 0 0 0])
  ("string" .
   [10 0 0 0 0 0])
  ("cin" .
   [1 0 0])
  ("vector" .
   [46 0 0 0 0 1])
  ("ac-limit" .
   [0 0 1 0 0 0 0 0])
  ("theta" .
   [5 0 0 0 0])
  ("arry" .
   [6 0 0 0])
  ("mini" .
   [1 0 0 0])
  ("maxi" .
   [1 0 0 0])
  ("dist" .
   [6 0 0 0])
  ("cout" .
   [17 0 0 0])
  ("pow" .
   [1 0 0])
  ("cos" .
   [1 0 0])
  ("begin" .
   [3 0 0 0 0])
  ("max" .
   [1 0 0])
  ("end" .
   [11 0 0])
  ("maxind" .
   [3 0 0 0 0 0])
  ("max_element" .
   [0 0 0 0 0 0 0 0 0 1 0])
  ("offline" .
   [5 0 0 0 0 0 0])
  ("passer" .
   [2 0 0 0 0 0])
  ("offlist" .
   [4 0 0 0 0 0 0])
  ("iter" .
   [1 0 0 0])
  ("min" .
   [5 0 0])
  ("electric-pair-mode" .
   [0 0 0 0 0 0 0 0 0 0 0 0 0 1 0 0 0 0])
  ("namespace" .
   [0 0 0 0 1 1 0 0 0])
  ("logs" .
   [2 0 0 0])
  ("lognum" .
   [7 0 0 0 0 0])
  ("Matrix" .
   [7 0 0 0 0 0])
  ("color" .
   [4 0 0 0 0])
  ("loc" .
   [64 0 0])
  ("main" .
   [1 0 0 0])
  ("board" .
   [64 0 0 0 0])
  ("location" .
   [9 0 0 0 0 0 0 0])
  ("next_move" .
   [1 0 0 0 0 0 0 0 0])
  ("col" .
   [4 0 0])
  ("revloc" .
   [10 0 1 0 0 1])
  ("same" .
   [37 0 0 0])
  ("tmp_bd" .
   [13 0 0 0 1 0])
  ("judgement" .
   [5 0 0 0 1 0 0 0 0])
  ("vertical" .
   [1 0 0 0 0 0 0 0])
  ("xloc" .
   [3 0 0 0])
  ("count" .
   [14 0 0 0 0])
  ("yloc" .
   [5 0 0 0])
  ("start" .
   [11 0 0 0 0])
  ("interval" .
   [17 0 0 0 0 0 0 0])
  ("change_color" .
   [0 0 0 0 0 0 1 2 0 0 0 0])
  ("ver_same_search" .
   [0 0 0 0 0 0 1 0 0 0 0 0 0 0 0])
  ("lstart" .
   [1 0 0 0 0 0])
  ("lend" .
   [1 0 0 0])
  ("vh_same_search" .
   [3 0 0 1 0 0 0 0 0 0 0 0 0 0])
  ("vecto" .
   [0 0 0 0 1])
  ("samea" .
   [0 0 0 0 1])
  ("mod" .
   [14 0 0])
  ("slant9" .
   [2 0 0 0 0 0])
  ("slant7" .
   [3 0 0 0 0 0])
  ("black" .
   [11 0 0 0 0])
  ("white" .
   [9 0 0 0 0])
  ("std" .
   [1 0 0])
  ("size" .
   [10 0 0 0])
  ("size_t" .
   [1 0 0 0 0 0])
  ("move_in_one_char" .
   [2 0 0 0 0 0 0 1 0 0 0 0 0 0 0 0])
  ("number_of_type" .
   [1 0 0 0 0 0 1 0 0 0 0 0 0 0])
  ("move_to_other_char" .
   [1 0 0 0 0 0 0 0 0 0 0 2 0 0 0 0 0 0])
  ("inp_num" .
   [2 0 0 0 0 0 1])
  ("move_calc" .
   [1 0 0 0 0 0 0 0 0])
  ("num_of_type" .
   [2 0 0 0 0 0 1 0 0 0 0])
  ("str_size" .
   [2 0 0 0 0 0 0 0])
  ("num_of_78" .
   [2 0 0 0 0 0 0 0 1])
  ("num_of_679" .
   [2 0 0 0 0 0 0 0 0 1])
  ("num_of_8" .
   [3 0 0 0 0 0 0 0])
  ("removable" .
   [4 0 0 0 0 0 0 0 2])
  ("num1_5" .
   [1 0 0 0 0 0])
  ("noadd" .
   [7 0 0 0 0])
  ("num" .
   [5 0 0])
  ("removable2" .
   [1 0 0 0 0 0 0 0 0 0])
  ("num_of_rm" .
   [4 0 0 0 0 0 0 0 0])
  ("num_of_2" .
   [1 0 0 0 0 0 0 0])
  ("num_of_na" .
   [4 0 0 0 0 0 0 0 0])
  ("num_of_2rm" .
   [2 0 0 0 0 0 0 0 0 0])
  ("move_one" .
   [2 0 0 0 0 0 0 0])
  ("numlist" .
   [2 0 0 0 0 0 0])
  ("replace" .
   [1 0 0 0 0 0 0])))
