((("ac-comphist-file" .
   [1 0 0 0 0 0 0 0 0 0 0 0 0 0 0 0])
  ("setq" .
   [1 0 0 0])
  ("the" .
   [1 0 0])
  ("flag" .
   [2 0 0 0])
  ("str" .
   [1 0 0])
  ("setw" .
   [1 0 0 0])
  ("setfill" .
   [2 0 0 0 0 0 0])
  ("eout" .
   [2 0 0 0])
  ("sminut" .
   [1 0 0 0 0 0])
  ("sout" .
   [2 0 0 0])
  ("shour" .
   [1 0 0 0 0])
  ("floor" .
   [1 0 0 0 0])
  ("eminut" .
   [2 0 0 0 0 0])
  ("ehour" .
   [3 0 0 0 0])
  ("floar" .
   [1 0 0 0 0])
  ("minut" .
   [1 0 0 0 0])
  ("hour" .
   [4 0 0 0])
  ("tpass" .
   [14 0 0 0 0])
  ("string" .
   [3 0 0 0 0 0])
  ("cin" .
   [1 0 0])
  ("vector" .
   [7 0 0 0 0 0])
  ("ac-limit" .
   [0 0 1 0 0 0 0 0])
  ("theta" .
   [5 0 0 0 0])
  ("arry" .
   [6 0 0 0])
  ("mini" .
   [1 0 0 0])
  ("maxi" .
   [1 0 0 0])
  ("dist" .
   [6 0 0 0])
  ("cout" .
   [7 0 0 0])
  ("pow" .
   [1 0 0])
  ("cos" .
   [1 0 0])
  ("begin" .
   [3 0 0 0 0])
  ("max" .
   [1 0 0])
  ("end" .
   [2 0 0])
  ("maxind" .
   [3 0 0 0 0 0])
  ("max_element" .
   [0 0 0 0 0 0 0 0 0 1 0])
  ("offline" .
   [5 0 0 0 0 0 0])
  ("passer" .
   [2 0 0 0 0 0])
  ("offlist" .
   [4 0 0 0 0 0 0])
  ("iter" .
   [1 0 0 0])
  ("min" .
   [5 0 0])
  ("electric-pair-mode" .
   [0 0 0 0 0 0 0 0 0 0 0 0 0 1 0 0 0 0])
  ("~/backups" .
   [1 0 0 0 0 0 0 0 0])))
